/home/nahuel.statuto/.conda/envs/hw_tf2.8/lib/python3.10/site-packages/scipy/__init__.py:146: UserWarning: A NumPy version >=1.16.5 and <1.23.0 is required for this version of SciPy (detected version 1.23.1
  warnings.warn(f"A NumPy version >={np_minversion} and <{np_maxversion}"
A0: 1.0
n:  [[ 100  200  300  400  500  600  700  800  900 1000 1100 1200 1300 1400
  1500]
 [ 100  200  300  400  500  600  700  800  900 1000 1100 1200 1300 1400
  1500]
 [ 100  200  300  400  500  600  700  800  900 1000 1100 1200 1300 1400
  1500]
 [ 100  200  300  400  500  600  700  800  900 1000 1100 1200 1300 1400
  1500]
 [ 100  200  300  400  500  600  700  800  900 1000 1100 1200 1300 1400
  1500]
 [ 100  200  300  400  500  600  700  800  900 1000 1100 1200 1300 1400
  1500]
 [ 100  200  300  400  500  600  700  800  900 1000 1100 1200 1300 1400
  1500]
 [ 100  200  300  400  500  600  700  800  900 1000 1100 1200 1300 1400
  1500]
 [ 100  200  300  400  500  600  700  800  900 1000 1100 1200 1300 1400
  1500]
 [ 100  200  300  400  500  600  700  800  900 1000 1100 1200 1300 1400
  1500]
 [ 100  200  300  400  500  600  700  800  900 1000 1100 1200 1300 1400
  1500]
 [ 100  200  300  400  500  600  700  800  900 1000 1100 1200 1300 1400
  1500]
 [ 100  200  300  400  500  600  700  800  900 1000 1100 1200 1300 1400
  1500]
 [ 100  200  300  400  500  600  700  800  900 1000 1100 1200 1300 1400
  1500]
 [ 100  200  300  400  500  600  700  800  900 1000 1100 1200 1300 1400
  1500]
 [ 100  200  300  400  500  600  700  800  900 1000 1100 1200 1300 1400
  1500]
 [ 100  200  300  400  500  600  700  800  900 1000 1100 1200 1300 1400
  1500]
 [ 100  200  300  400  500  600  700  800  900 1000 1100 1200 1300 1400
  1500]
 [ 100  200  300  400  500  600  700  800  900 1000 1100 1200 1300 1400
  1500]
 [ 100  200  300  400  500  600  700  800  900 1000 1100 1200 1300 1400
  1500]
 [ 100  200  300  400  500  600  700  800  900 1000 1100 1200 1300 1400
  1500]
 [ 100  200  300  400  500  600  700  800  900 1000 1100 1200 1300 1400
  1500]
 [ 100  200  300  400  500  600  700  800  900 1000 1100 1200 1300 1400
  1500]
 [ 100  200  300  400  500  600  700  800  900 1000 1100 1200 1300 1400
  1500]
 [ 100  200  300  400  500  600  700  800  900 1000 1100 1200 1300 1400
  1500]
 [ 100  200  300  400  500  600  700  800  900 1000 1100 1200 1300 1400
  1500]
 [ 100  200  300  400  500  600  700  800  900 1000 1100 1200 1300 1400
  1500]
 [ 100  200  300  400  500  600  700  800  900 1000 1100 1200 1300 1400
  1500]
 [ 100  200  300  400  500  600  700  800  900 1000 1100 1200 1300 1400
  1500]
 [ 100  200  300  400  500  600  700  800  900 1000 1100 1200 1300 1400
  1500]]
acc_train:  [[0.98       0.96       0.95       0.955      0.98       0.98666667
  0.98857143 0.99625    0.98888889 0.989      0.98       0.9925
  0.99153846 0.99428571 0.996     ]
 [0.99       0.865      0.92333333 0.9925     0.998      0.99
  0.99571429 0.99375    0.99555556 1.         0.98818182 0.99416667
  0.99384615 0.995      0.99666667]
 [0.92       0.91       0.95666667 0.9525     1.         1.
  1.         0.9975     0.97       0.998      1.         0.99583333
  0.99692308 0.985      0.99733333]
 [0.95       0.98       0.96666667 0.975      0.98       0.98833333
  0.99142857 0.98625    0.98888889 0.981      0.98727273 0.99083333
  0.99230769 0.99357143 0.98933333]
 [1.         0.965      0.94666667 0.945      0.994      0.99333333
  0.99428571 0.9975     0.99666667 1.         0.99909091 0.99333333
  1.         1.         0.99333333]
 [1.         0.925      0.91       0.9725     0.978      0.985
  0.97714286 0.98875    0.99       0.991      0.99272727 0.99416667
  0.99461538 0.99214286 0.99133333]
 [0.99       0.98       0.95666667 0.9625     0.95       0.95166667
  0.98       0.9925     1.         1.         0.99818182 0.99916667
  0.99461538 0.99714286 0.998     ]
 [0.98       0.975      0.97       0.99       1.         0.995
  0.99571429 0.99375    0.99555556 0.992      0.96545455 0.99583333
  0.99615385 0.99357143 0.984     ]
 [0.97       0.945      0.95666667 0.9875     0.996      0.99666667
  0.99285714 1.         1.         0.984      0.99909091 0.9925
  0.99846154 1.         1.        ]
 [0.98       0.98       0.98666667 0.99       1.         1.
  1.         1.         1.         0.997      1.         0.99666667
  1.         1.         1.        ]
 [1.         0.95       0.93333333 0.925      0.996      0.99666667
  0.99571429 0.99875    1.         1.         1.         1.
  1.         1.         1.        ]
 [0.97       0.985      0.99       0.995      0.992      0.99666667
  1.         1.         1.         1.         1.         1.
  1.         1.         1.        ]
 [0.93       0.805      0.90333333 0.925      0.956      0.955
  0.96857143 0.99375    1.         0.999      1.         0.99083333
  0.99923077 0.98571429 0.99866667]
 [0.99       0.965      0.98       0.9925     0.996      0.99666667
  1.         1.         0.99111111 1.         0.99818182 0.99666667
  0.99923077 0.995      0.99733333]
 [0.99       0.9        0.99666667 1.         0.998      1.
  1.         1.         1.         0.982      1.         1.
  1.         1.         1.        ]
 [0.96       0.9        0.99       0.9975     1.         1.
  1.         0.9975     1.         0.986      1.         0.99666667
  0.99923077 1.         1.        ]
 [1.         0.915      0.89       0.8725     0.868      0.91833333
  0.97857143 0.96125    0.97444444 0.996      1.         1.
  1.         0.99071429 1.        ]
 [0.94       0.965      0.97333333 0.97       0.978      0.98
  0.99142857 1.         1.         1.         1.         1.
  0.99923077 1.         0.99933333]
 [1.         0.84       0.95333333 0.9575     0.948      0.95166667
  0.94714286 0.955      0.99777778 0.969      0.94       0.99416667
  0.99846154 0.99857143 1.        ]
 [0.96       0.985      0.98666667 0.9825     0.978      0.97833333
  0.98       0.985      0.99888889 1.         1.         1.
  1.         1.         1.        ]
 [0.92       0.99       0.98666667 0.9825     0.982      0.98333333
  0.94428571 0.9975     1.         1.         1.         1.
  1.         1.         1.        ]
 [0.99       0.97       0.95       0.9525     0.958      0.97833333
  0.98285714 0.98125    0.99222222 0.988      0.99454545 0.99416667
  0.99461538 0.95714286 0.99466667]
 [0.97       0.94       0.90666667 0.895      0.896      0.90666667
  0.91428571 0.92875    0.92222222 0.994      0.99454545 0.9925
  0.97153846 0.995      0.996     ]
 [0.97       0.995      0.95666667 0.975      0.964      0.98333333
  1.         1.         1.         1.         0.99818182 0.99583333
  0.99384615 0.99357143 0.99      ]
 [0.89       0.975      0.92333333 0.985      0.994      0.99333333
  0.99428571 0.99       0.99444444 0.994      0.99727273 0.98333333
  0.99769231 0.99785714 0.996     ]
 [0.98       0.965      0.91666667 0.91       0.906      0.89333333
  0.91714286 0.99       0.99888889 0.993      0.99636364 0.985
  0.99       0.99214286 0.99466667]
 [0.82       0.845      0.86       0.8775     0.922      0.99166667
  0.99142857 0.9975     1.         0.998      0.99454545 1.
  1.         1.         1.        ]
 [0.92       0.965      0.90666667 0.9325     0.974      0.99333333
  0.99       0.99125    0.99555556 0.993      0.99272727 0.995
  0.99461538 0.99857143 0.996     ]
 [0.9        0.965      1.         1.         1.         1.
  1.         1.         1.         1.         1.         1.
  0.99692308 1.         1.        ]
 [0.99       0.915      0.98333333 0.9725     0.974      0.95666667
  0.96428571 0.965      0.95555556 0.958      0.95818182 0.96416667
  0.99538462 0.99785714 0.98666667]]
acc_test:  [[0.61       0.71       0.83666667 0.89333333 0.93444444 0.96222222
  0.99333333 0.99222222 0.99444444 0.99888889 0.99888889 0.99888889
  0.99888889 1.         0.99888889]
 [0.57888889 0.63333333 0.80666667 0.99666667 1.         0.99888889
  1.         0.99888889 0.99888889 1.         1.         0.99888889
  0.99888889 1.         1.        ]
 [0.69       0.78       0.88444444 0.88222222 0.99777778 0.99888889
  0.99888889 0.99888889 0.99888889 0.99888889 0.99888889 0.99888889
  0.99888889 0.99888889 0.99888889]
 [0.62666667 0.81777778 0.85111111 0.91777778 0.96555556 0.97222222
  0.97777778 0.97666667 0.97777778 0.97555556 0.98222222 0.99444444
  0.99888889 0.99888889 1.        ]
 [0.63777778 0.75555556 0.90777778 0.94       0.98777778 0.99444444
  0.99555556 0.99888889 0.99555556 0.99555556 0.99888889 0.99888889
  0.99888889 0.99888889 0.99888889]
 [0.66444444 0.78555556 0.85333333 0.95       0.96222222 0.99888889
  0.99666667 1.         0.99555556 0.99777778 0.99888889 1.
  1.         1.         0.99888889]
 [0.64222222 0.9        0.89222222 0.91888889 0.92111111 0.93
  0.97444444 1.         0.99888889 1.         0.99888889 0.99888889
  0.99888889 1.         1.        ]
 [0.69555556 0.89222222 0.95555556 0.99666667 1.         1.
  1.         1.         1.         1.         0.99888889 1.
  1.         1.         1.        ]
 [0.72       0.86333333 0.9        0.95111111 0.99888889 0.99888889
  0.99888889 0.99888889 0.99888889 0.99888889 0.99888889 0.99888889
  0.99888889 0.99888889 0.99888889]
 [0.67666667 0.86777778 0.93333333 0.96333333 0.99888889 0.99222222
  0.99222222 0.99777778 0.99666667 1.         0.99888889 1.
  0.99888889 0.99777778 0.99888889]
 [0.64555556 0.74444444 0.87777778 0.87777778 0.99333333 0.99888889
  0.99888889 1.         1.         1.         1.         1.
  1.         1.         1.        ]
 [0.57111111 0.86777778 0.95222222 0.96888889 0.97333333 0.97666667
  0.99888889 0.99666667 0.99888889 0.99777778 1.         1.
  0.99888889 0.99888889 0.99888889]
 [0.64444444 0.66888889 0.86       0.86333333 0.92       0.94333333
  0.94222222 1.         1.         1.         1.         1.
  1.         0.99888889 1.        ]
 [0.58777778 0.84888889 0.98555556 0.98444444 0.97888889 0.98
  0.99888889 0.99888889 0.99888889 0.99888889 0.99888889 0.99888889
  1.         1.         0.99888889]
 [0.63222222 0.73111111 0.98444444 0.99333333 0.98555556 0.99444444
  0.99444444 0.99555556 1.         1.         1.         1.
  1.         1.         1.        ]
 [0.57888889 0.70444444 0.94       0.99666667 0.99888889 1.
  1.         1.         1.         1.         1.         0.99666667
  1.         1.         1.        ]
 [0.62111111 0.71777778 0.81222222 0.85       0.85555556 0.91111111
  0.99888889 1.         0.99888889 0.99777778 0.99888889 1.
  0.99888889 1.         0.99888889]
 [0.62444444 0.82222222 0.94666667 0.94666667 0.98111111 0.98333333
  1.         1.         1.         1.         1.         1.
  0.99888889 1.         0.99888889]
 [0.64222222 0.70444444 0.94111111 0.96888889 0.97888889 0.99666667
  0.99888889 0.99888889 0.99888889 1.         0.99888889 1.
  1.         0.99888889 0.99888889]
 [0.71222222 0.83       0.95       0.98444444 0.98222222 1.
  1.         1.         1.         1.         1.         1.
  1.         1.         1.        ]
 [0.66666667 0.84888889 0.95777778 0.99333333 0.99444444 0.99777778
  0.97333333 0.99888889 0.99888889 0.99777778 0.99888889 0.99888889
  0.99888889 0.99888889 0.99888889]
 [0.63333333 0.79       0.87777778 0.93666667 0.96       0.96333333
  0.97333333 0.97888889 1.         0.99888889 1.         1.
  1.         0.99666667 0.99888889]
 [0.61888889 0.74       0.75222222 0.78111111 0.83888889 0.88444444
  0.90333333 0.89777778 0.89777778 0.97777778 0.97444444 0.98666667
  0.99111111 0.99888889 1.        ]
 [0.61777778 0.81       0.86555556 0.93555556 0.96888889 1.
  0.99777778 0.99888889 1.         1.         0.99888889 1.
  0.99888889 1.         1.        ]
 [0.55888889 0.77777778 0.84333333 0.93888889 0.98555556 0.99888889
  0.99555556 0.99888889 0.99888889 0.99888889 0.99888889 0.99888889
  0.99888889 0.99888889 0.99888889]
 [0.66777778 0.82444444 0.86777778 0.89       0.90444444 0.89666667
  0.90666667 0.99555556 1.         0.99444444 1.         0.99888889
  1.         1.         1.        ]
 [0.64777778 0.77333333 0.82111111 0.82555556 0.91666667 0.99888889
  1.         1.         1.         1.         0.99888889 1.
  1.         1.         1.        ]
 [0.60777778 0.76777778 0.86777778 0.89       0.97777778 0.99888889
  0.99888889 0.99555556 0.99666667 0.99666667 0.99888889 0.99888889
  0.99888889 0.99888889 0.99888889]
 [0.62444444 0.85555556 0.98777778 0.98777778 0.99444444 0.99555556
  1.         1.         0.99888889 1.         1.         1.
  1.         1.         1.        ]
 [0.67777778 0.80888889 0.95555556 0.98       1.         0.99222222
  1.         1.         1.         1.         1.         1.
  1.         1.         1.        ]]
rho:  [[2.74762481e-02 4.32764615e-02 4.63981177e-02 4.11192752e-02
  1.92748797e-02 1.41631035e-02 8.67139015e-03 2.84989622e-03
  1.02710566e-02 1.05947274e-02 1.79051964e-02 7.22618854e-03
  7.16881490e-03 6.08089998e-03 4.32869337e-03]
 [1.37770539e-02 1.35145260e-01 7.68910650e-02 7.93325209e-03
  2.04160574e-03 1.00467399e-02 4.28798930e-03 5.62545191e-03
  4.48745543e-03 2.10950473e-04 9.83658305e-03 4.61769316e-03
  5.60151520e-03 4.72118593e-03 3.50174150e-03]
 [8.12962100e-02 9.01689248e-02 4.33508124e-02 4.75039302e-02
  2.11540044e-05 3.42822608e-04 2.50268590e-04 1.91188781e-03
  2.60641160e-02 1.90464087e-03 5.85120766e-05 3.28880290e-03
  2.67867954e-03 1.39301175e-02 3.21703995e-03]
 [5.28895456e-02 2.00555230e-02 3.33475952e-02 2.54949300e-02
  2.01148717e-02 1.06465575e-02 8.82165921e-03 1.40753321e-02
  1.13797785e-02 1.82483979e-02 1.27218327e-02 8.13369809e-03
  7.97938147e-03 6.68530127e-03 1.02723847e-02]
 [5.95326955e-04 3.53813235e-02 5.33538563e-02 5.53850284e-02
  6.40062392e-03 6.68704508e-03 5.71685474e-03 2.50592996e-03
  3.33471174e-03 4.40931556e-07 9.14114542e-04 5.87529340e-03
  6.41978692e-07 1.06685078e-06 6.35923378e-03]
 [2.47788817e-04 7.50316874e-02 8.98852129e-02 2.73284404e-02
  2.22606085e-02 1.54413446e-02 2.00366894e-02 1.13244125e-02
  1.00097091e-02 9.10385154e-03 7.47875652e-03 6.17163685e-03
  5.40026131e-03 8.03364310e-03 8.66841654e-03]
 [1.13051280e-02 1.66440053e-02 4.33628115e-02 3.75181713e-02
  5.00002106e-02 4.82766680e-02 1.83360177e-02 6.85330746e-03
  2.89216787e-04 2.01470721e-05 2.01772135e-03 1.12635890e-03
  4.88979402e-03 2.87163054e-03 2.00314566e-03]
 [2.15806436e-02 2.54408978e-02 3.00067393e-02 1.00083572e-02
  2.90512159e-06 5.00429971e-03 4.29240959e-03 5.01343746e-03
  4.44956133e-03 8.18758851e-03 3.26344818e-02 4.17438099e-03
  3.86565482e-03 6.43324692e-03 1.53071375e-02]
 [3.11306905e-02 5.50511523e-02 4.33498510e-02 1.24899264e-02
  4.01330991e-03 3.34500541e-03 7.30208226e-03 1.32466586e-04
  2.23668524e-05 1.31104907e-02 9.21227828e-04 6.85088549e-03
  1.54264595e-03 2.84446610e-06 5.02515212e-05]
 [1.48033730e-02 1.68480973e-02 1.35789612e-02 1.00071497e-02
  3.30331722e-04 4.37896008e-04 1.32127824e-04 2.42055022e-05
  1.44974791e-05 2.41989489e-03 2.39981172e-05 3.31518878e-03
  8.39264595e-06 7.08415737e-06 4.30021416e-06]
 [3.89404507e-03 5.02250415e-02 6.72010268e-02 7.47446093e-02
  4.29430225e-03 3.34448855e-03 4.56336797e-03 1.26236526e-03
  4.42310672e-06 4.48642549e-06 2.31684142e-06 5.06457485e-06
  9.79085685e-06 7.63822995e-06 6.16380291e-06]
 [2.80120164e-02 1.14967216e-02 1.00232229e-02 5.06707239e-03
  8.00391060e-03 3.35875974e-03 5.16189947e-06 3.55239804e-06
  7.39755125e-06 6.49095539e-06 3.18584490e-06 2.64541118e-06
  7.21474372e-06 7.23646793e-06 3.59272775e-06]
 [5.40106661e-02 1.68583502e-01 9.71574284e-02 7.58046010e-02
  4.40355925e-02 4.30916649e-02 3.14424318e-02 5.04065177e-03
  6.78779880e-06 1.01231546e-03 2.54671639e-06 8.14625728e-03
  7.75163383e-04 1.35777961e-02 1.34164158e-03]
 [1.03116097e-02 3.59722027e-02 2.00630702e-02 8.33492029e-03
  4.48132616e-03 3.33550981e-03 2.83955971e-07 1.14321662e-05
  7.30135107e-03 3.36965062e-04 1.21235430e-03 3.47239799e-03
  6.36619552e-04 2.98343809e-03 2.36938657e-03]
 [2.33668286e-02 1.00106499e-01 3.39811662e-03 5.31404867e-05
  1.18553999e-03 3.55564174e-05 4.00765369e-05 6.58971297e-05
  5.55231454e-05 1.71806251e-02 1.31710079e-05 3.17750589e-05
  1.75311801e-04 1.36816055e-04 1.39982411e-05]
 [3.04973247e-02 9.99649288e-02 1.00350371e-02 2.70195690e-03
  3.75647938e-05 2.98796041e-05 2.95329771e-04 2.54819940e-03
  8.78020611e-06 1.38829587e-02 1.32591874e-06 3.13999829e-03
  7.92036443e-04 3.18297088e-05 1.12244268e-04]
 [1.21854273e-02 8.51194680e-02 1.10006017e-01 1.27504486e-01
  1.32006181e-01 8.16327717e-02 2.05909244e-02 3.64949781e-02
  2.53843747e-02 3.34704260e-03 4.17246527e-05 1.96418112e-05
  9.21308378e-06 7.55641358e-03 3.11591244e-06]
 [5.49282568e-02 3.51830922e-02 2.67717990e-02 3.01145891e-02
  2.20115387e-02 2.00039364e-02 8.58262089e-03 6.20989541e-06
  6.67847882e-06 3.11102817e-05 7.61507988e-05 8.85269708e-06
  7.76256354e-04 2.44830800e-06 8.04994070e-04]
 [4.85153788e-03 1.46883073e-01 4.73954176e-02 4.25524057e-02
  5.09798022e-02 4.83353019e-02 5.28608847e-02 4.50017083e-02
  2.38221316e-03 2.78102168e-02 5.71724406e-02 5.33605242e-03
  1.59524273e-03 1.42298343e-03 2.84267072e-05]
 [3.46581526e-02 1.28854855e-02 1.33595151e-02 1.75179797e-02
  2.14810722e-02 2.05710264e-02 1.91513497e-02 1.34168291e-02
  1.94233118e-03 5.87207531e-05 2.88642825e-04 1.45193481e-04
  8.98914370e-05 1.00678610e-05 8.60847736e-06]
 [8.25266702e-02 1.12692051e-02 1.33570406e-02 1.76667103e-02
  1.80230637e-02 1.66730803e-02 5.30158369e-02 2.50265403e-03
  8.16040211e-07 1.64798875e-06 7.56614865e-08 8.45782052e-07
  1.09711267e-05 1.38827721e-06 8.71942918e-06]
 [7.11471223e-03 2.72217624e-02 3.61217733e-02 3.50962592e-02
  3.28268953e-02 1.60143092e-02 1.31943264e-02 1.55014478e-02
  6.16805017e-03 1.18065657e-02 5.68473349e-03 6.06535580e-03
  4.48033881e-03 4.14091850e-02 5.35351412e-03]
 [2.61400635e-02 6.14307771e-02 9.33551038e-02 1.05073789e-01
  1.03286362e-01 9.35057336e-02 8.48253501e-02 7.14721918e-02
  7.71627951e-02 6.59615790e-03 5.00110033e-03 7.50359118e-03
  2.49574422e-02 5.07635422e-03 4.15325384e-03]
 [2.51412129e-02 6.42070179e-03 4.35356251e-02 2.50140433e-02
  3.31773061e-02 1.63487277e-02 1.93032367e-04 6.61380037e-05
  1.46019727e-05 1.34236119e-05 1.85108847e-03 3.72151884e-03
  5.62017791e-03 6.04539239e-03 7.79607718e-03]
 [7.79636339e-02 2.60762823e-02 7.73807672e-02 1.50091750e-02
  6.01751734e-03 6.67277749e-03 5.72626687e-03 1.00107739e-02
  5.55965112e-03 6.00088608e-03 2.74102465e-03 1.59152336e-02
  2.31087019e-03 2.14418684e-03 3.86509289e-03]
 [2.03412071e-02 2.94902559e-02 8.33463269e-02 9.00020165e-02
  9.40033489e-02 1.03348980e-01 8.29399495e-02 9.43009081e-03
  5.68824426e-04 5.76920224e-03 2.97189921e-03 1.35623643e-02
  8.09652673e-03 7.39408900e-03 5.10809506e-03]
 [1.06461774e-01 1.07228428e-01 9.22279590e-02 7.44847816e-02
  6.13681347e-02 8.22405277e-03 7.33924173e-03 2.93051686e-03
  7.82519612e-05 1.77238321e-03 4.98610213e-03 7.74793791e-05
  9.50834244e-05 5.16758194e-05 3.29217244e-05]
 [8.56988186e-02 3.53475546e-02 9.39196003e-02 6.74477126e-02
  2.17974287e-02 5.84086430e-03 1.00366572e-02 8.10769510e-03
  4.77538104e-03 5.74897606e-03 7.76058064e-03 4.28730901e-03
  5.54603148e-03 1.58292705e-03 4.15577662e-03]
 [6.78326499e-02 3.57501461e-02 1.72825043e-05 2.12509090e-05
  2.21780897e-05 2.59954753e-05 1.26625641e-05 1.91653496e-05
  1.40005031e-05 8.97015549e-06 1.41745016e-04 1.74282346e-05
  3.13916370e-03 1.45821868e-05 8.55892563e-06]
 [1.01322362e-02 8.50111486e-02 1.66939275e-02 2.75033879e-02
  2.60019797e-02 4.18115661e-02 3.57188540e-02 3.50051478e-02
  4.44458828e-02 4.19428204e-02 4.21822092e-02 3.59643552e-02
  5.05559473e-03 2.06884791e-03 1.13261516e-02]]
lmda_vector:  [[0. 0. 0. 0. 0. 0. 0. 0. 0. 0. 0. 0. 0. 0. 0.]
 [0. 0. 0. 0. 0. 0. 0. 0. 0. 0. 0. 0. 0. 0. 0.]
 [0. 0. 0. 0. 0. 0. 0. 0. 0. 0. 0. 0. 0. 0. 0.]
 [0. 0. 0. 0. 0. 0. 0. 0. 0. 0. 0. 0. 0. 0. 0.]
 [0. 0. 0. 0. 0. 0. 0. 0. 0. 0. 0. 0. 0. 0. 0.]
 [0. 0. 0. 0. 0. 0. 0. 0. 0. 0. 0. 0. 0. 0. 0.]
 [0. 0. 0. 0. 0. 0. 0. 0. 0. 0. 0. 0. 0. 0. 0.]
 [0. 0. 0. 0. 0. 0. 0. 0. 0. 0. 0. 0. 0. 0. 0.]
 [0. 0. 0. 0. 0. 0. 0. 0. 0. 0. 0. 0. 0. 0. 0.]
 [0. 0. 0. 0. 0. 0. 0. 0. 0. 0. 0. 0. 0. 0. 0.]
 [0. 0. 0. 0. 0. 0. 0. 0. 0. 0. 0. 0. 0. 0. 0.]
 [0. 0. 0. 0. 0. 0. 0. 0. 0. 0. 0. 0. 0. 0. 0.]
 [0. 0. 0. 0. 0. 0. 0. 0. 0. 0. 0. 0. 0. 0. 0.]
 [0. 0. 0. 0. 0. 0. 0. 0. 0. 0. 0. 0. 0. 0. 0.]
 [0. 0. 0. 0. 0. 0. 0. 0. 0. 0. 0. 0. 0. 0. 0.]
 [0. 0. 0. 0. 0. 0. 0. 0. 0. 0. 0. 0. 0. 0. 0.]
 [0. 0. 0. 0. 0. 0. 0. 0. 0. 0. 0. 0. 0. 0. 0.]
 [0. 0. 0. 0. 0. 0. 0. 0. 0. 0. 0. 0. 0. 0. 0.]
 [0. 0. 0. 0. 0. 0. 0. 0. 0. 0. 0. 0. 0. 0. 0.]
 [0. 0. 0. 0. 0. 0. 0. 0. 0. 0. 0. 0. 0. 0. 0.]
 [0. 0. 0. 0. 0. 0. 0. 0. 0. 0. 0. 0. 0. 0. 0.]
 [0. 0. 0. 0. 0. 0. 0. 0. 0. 0. 0. 0. 0. 0. 0.]
 [0. 0. 0. 0. 0. 0. 0. 0. 0. 0. 0. 0. 0. 0. 0.]
 [0. 0. 0. 0. 0. 0. 0. 0. 0. 0. 0. 0. 0. 0. 0.]
 [0. 0. 0. 0. 0. 0. 0. 0. 0. 0. 0. 0. 0. 0. 0.]
 [0. 0. 0. 0. 0. 0. 0. 0. 0. 0. 0. 0. 0. 0. 0.]
 [0. 0. 0. 0. 0. 0. 0. 0. 0. 0. 0. 0. 0. 0. 0.]
 [0. 0. 0. 0. 0. 0. 0. 0. 0. 0. 0. 0. 0. 0. 0.]
 [0. 0. 0. 0. 0. 0. 0. 0. 0. 0. 0. 0. 0. 0. 0.]
 [0. 0. 0. 0. 0. 0. 0. 0. 0. 0. 0. 0. 0. 0. 0.]]
