/home/nahuel.statuto/.conda/envs/hw_tf2.8/lib/python3.10/site-packages/scipy/__init__.py:146: UserWarning: A NumPy version >=1.16.5 and <1.23.0 is required for this version of SciPy (detected version 1.23.1
  warnings.warn(f"A NumPy version >={np_minversion} and <{np_maxversion}"
A0: 1.0
n:  [[ 100  200  300  400  500  600  700  800  900 1000 1100 1200 1300 1400
  1500]
 [ 100  200  300  400  500  600  700  800  900 1000 1100 1200 1300 1400
  1500]
 [ 100  200  300  400  500  600  700  800  900 1000 1100 1200 1300 1400
  1500]
 [ 100  200  300  400  500  600  700  800  900 1000 1100 1200 1300 1400
  1500]
 [ 100  200  300  400  500  600  700  800  900 1000 1100 1200 1300 1400
  1500]
 [ 100  200  300  400  500  600  700  800  900 1000 1100 1200 1300 1400
  1500]
 [ 100  200  300  400  500  600  700  800  900 1000 1100 1200 1300 1400
  1500]
 [ 100  200  300  400  500  600  700  800  900 1000 1100 1200 1300 1400
  1500]
 [ 100  200  300  400  500  600  700  800  900 1000 1100 1200 1300 1400
  1500]
 [ 100  200  300  400  500  600  700  800  900 1000 1100 1200 1300 1400
  1500]
 [ 100  200  300  400  500  600  700  800  900 1000 1100 1200 1300 1400
  1500]
 [ 100  200  300  400  500  600  700  800  900 1000 1100 1200 1300 1400
  1500]
 [ 100  200  300  400  500  600  700  800  900 1000 1100 1200 1300 1400
  1500]
 [ 100  200  300  400  500  600  700  800  900 1000 1100 1200 1300 1400
  1500]
 [ 100  200  300  400  500  600  700  800  900 1000 1100 1200 1300 1400
  1500]
 [ 100  200  300  400  500  600  700  800  900 1000 1100 1200 1300 1400
  1500]
 [ 100  200  300  400  500  600  700  800  900 1000 1100 1200 1300 1400
  1500]
 [ 100  200  300  400  500  600  700  800  900 1000 1100 1200 1300 1400
  1500]
 [ 100  200  300  400  500  600  700  800  900 1000 1100 1200 1300 1400
  1500]
 [ 100  200  300  400  500  600  700  800  900 1000 1100 1200 1300 1400
  1500]
 [ 100  200  300  400  500  600  700  800  900 1000 1100 1200 1300 1400
  1500]
 [ 100  200  300  400  500  600  700  800  900 1000 1100 1200 1300 1400
  1500]
 [ 100  200  300  400  500  600  700  800  900 1000 1100 1200 1300 1400
  1500]
 [ 100  200  300  400  500  600  700  800  900 1000 1100 1200 1300 1400
  1500]
 [ 100  200  300  400  500  600  700  800  900 1000 1100 1200 1300 1400
  1500]
 [ 100  200  300  400  500  600  700  800  900 1000 1100 1200 1300 1400
  1500]
 [ 100  200  300  400  500  600  700  800  900 1000 1100 1200 1300 1400
  1500]
 [ 100  200  300  400  500  600  700  800  900 1000 1100 1200 1300 1400
  1500]
 [ 100  200  300  400  500  600  700  800  900 1000 1100 1200 1300 1400
  1500]
 [ 100  200  300  400  500  600  700  800  900 1000 1100 1200 1300 1400
  1500]]
acc_train:  [[0.9        0.89       0.9        0.8825     0.946      0.945
  0.95571429 0.9075     0.94666667 0.987      0.99090909 0.98666667
  1.         0.99214286 0.99      ]
 [0.98       0.97       0.95333333 0.9575     0.982      0.98
  0.99571429 0.99625    0.99222222 1.         0.96363636 0.99333333
  1.         1.         1.        ]
 [0.96       0.965      0.94       0.945      0.94       0.97666667
  0.97142857 0.96625    0.96555556 0.966      0.97       0.96583333
  0.97307692 0.97285714 0.96133333]
 [0.97       0.95       0.99333333 0.995      0.988      0.99333333
  0.98571429 0.99125    0.99       0.99       0.99090909 0.99583333
  0.99538462 0.99571429 0.99733333]
 [0.97       0.86       0.91       0.92       0.93       0.92333333
  0.98571429 0.995      0.99       0.995      0.99454545 0.995
  0.98461538 0.99285714 0.99733333]
 [0.96       0.955      0.91666667 0.9425     0.942      1.
  1.         0.98125    1.         1.         1.         1.
  1.         0.99714286 0.99933333]
 [0.98       0.97       0.97333333 0.9925     0.994      0.99833333
  1.         1.         0.96222222 0.997      0.98272727 0.99583333
  0.98692308 0.99071429 0.99466667]
 [0.92       0.855      0.88666667 0.895      0.9        0.99833333
  1.         1.         1.         0.998      1.         1.
  1.         1.         0.992     ]
 [0.99       0.955      0.94333333 0.9375     0.962      0.96666667
  0.97       1.         1.         0.988      1.         0.95333333
  0.99923077 0.99785714 0.99666667]
 [0.98       0.965      1.         1.         1.         0.99666667
  0.99285714 0.995      0.99666667 0.996      0.97545455 0.99666667
  0.99692308 0.99428571 0.994     ]
 [0.95       0.845      0.89333333 0.91       0.948      0.97666667
  0.98142857 0.9775     0.96888889 0.97       0.98       0.985
  0.98538462 0.985      0.98      ]
 [0.95       0.975      0.98333333 0.9325     0.992      0.99333333
  0.98571429 0.9925     0.99555556 0.99       0.99909091 0.98
  0.99692308 0.99285714 0.998     ]
 [0.97       0.955      0.95       0.9625     0.982      0.98333333
  0.97857143 0.9825     0.98222222 0.987      0.98727273 0.99416667
  0.99461538 0.99928571 0.988     ]
 [0.99       0.9        0.90333333 0.9675     0.962      0.96
  0.96142857 0.96125    0.95555556 0.964      0.99090909 0.99666667
  0.98769231 0.99571429 0.98066667]
 [0.99       0.915      0.89       0.9275     0.926      0.92333333
  0.93285714 0.92875    1.         1.         0.99090909 1.
  1.         1.         0.99866667]
 [1.         0.895      0.97       0.995      1.         0.98666667
  1.         1.         0.99444444 0.998      0.99545455 1.
  1.         0.99928571 0.99866667]
 [0.99       0.86       0.88       0.9225     0.99       0.98
  0.98428571 0.98       0.98555556 0.981      0.98545455 0.98916667
  0.99076923 0.98642857 0.98933333]
 [0.95       0.94       0.96       0.9575     0.994      0.99833333
  0.99714286 0.995      0.99555556 0.995      1.         0.995
  0.99230769 1.         0.99533333]
 [0.96       0.955      0.98       1.         1.         0.995
  0.99571429 0.99625    0.99111111 0.997      1.         1.
  0.99846154 1.         1.        ]
 [1.         0.92       0.95333333 0.9725     0.998      1.
  0.99857143 0.98125    0.99       0.998      0.99909091 0.99583333
  0.99692308 0.99928571 0.99733333]
 [0.99       0.975      0.99       0.9975     0.996      0.99333333
  0.99857143 0.9975     0.99777778 0.998      0.99727273 0.99666667
  0.99307692 0.99857143 0.998     ]
 [0.95       0.965      0.96       0.9425     0.962      0.96166667
  0.95857143 0.97       0.96888889 0.97       0.99818182 0.995
  0.99692308 0.98857143 0.99466667]
 [0.95       0.99       0.96666667 0.9925     0.994      0.99833333
  0.99428571 0.99875    0.95333333 0.995      0.99727273 0.9975
  0.97307692 0.995      0.99666667]
 [0.96       0.925      0.95333333 0.965      0.97       0.98666667
  0.99857143 1.         1.         1.         0.98090909 1.
  0.99923077 1.         0.99133333]
 [0.98       0.86       0.95333333 0.9725     0.978      0.97666667
  0.97857143 0.97625    0.99555556 1.         0.99818182 1.
  1.         0.99714286 1.        ]
 [0.99       0.96       0.96333333 0.9675     0.996      0.995
  0.99714286 1.         0.99666667 0.988      0.99727273 0.9675
  0.99538462 0.98428571 0.99133333]
 [0.95       0.985      0.99666667 0.9925     1.         1.
  1.         1.         1.         1.         1.         0.99666667
  0.99846154 1.         1.        ]
 [0.98       0.935      0.90666667 0.9025     0.954      0.95333333
  0.95571429 0.95125    1.         1.         0.99727273 1.
  0.99923077 0.99285714 0.996     ]
 [0.95       0.935      0.97666667 0.9775     0.996      1.
  1.         1.         1.         1.         1.         0.98833333
  0.99769231 0.99785714 0.97066667]
 [0.95       0.905      0.92333333 0.92       0.934      0.99833333
  0.97714286 0.995      0.98666667 0.995      0.99545455 0.9975
  0.99769231 0.99785714 0.99866667]]
acc_test:  [[0.54444444 0.68       0.79222222 0.83444444 0.93222222 0.95666667
  0.95777778 0.95333333 0.97444444 1.         1.         1.
  1.         1.         1.        ]
 [0.65777778 0.86444444 0.92111111 0.93444444 0.96777778 0.99
  1.         0.99888889 1.         1.         0.99888889 1.
  1.         1.         1.        ]
 [0.61333333 0.77111111 0.86111111 0.90444444 0.85222222 0.94111111
  0.93888889 0.94       0.93888889 0.94111111 0.94444444 0.95444444
  0.95333333 0.96333333 0.96444444]
 [0.58333333 0.75777778 0.92888889 0.97666667 0.98666667 1.
  1.         1.         0.99888889 0.99333333 1.         1.
  1.         1.         0.99888889]
 [0.63222222 0.72666667 0.82666667 0.86222222 0.92       0.93777778
  0.99444444 0.99666667 0.99888889 0.99777778 1.         1.
  1.         1.         1.        ]
 [0.62777778 0.86       0.83222222 0.88       0.88111111 0.99555556
  1.         1.         1.         1.         1.         1.
  1.         0.99888889 1.        ]
 [0.63444444 0.76333333 0.89111111 0.97222222 0.99333333 0.99888889
  1.         1.         0.99888889 1.         1.         1.
  1.         1.         1.        ]
 [0.63555556 0.68888889 0.75222222 0.80666667 0.84       1.
  1.         1.         1.         1.         1.         1.
  1.         1.         1.        ]
 [0.59555556 0.73777778 0.76222222 0.85777778 0.90333333 0.91
  0.94111111 1.         1.         1.         1.         0.99
  1.         1.         1.        ]
 [0.65444444 0.87555556 0.97777778 0.98333333 1.         0.99555556
  0.99777778 1.         0.99888889 0.99888889 0.99888889 1.
  1.         1.         0.99888889]
 [0.66444444 0.73666667 0.85888889 0.89111111 0.95333333 0.98111111
  0.99222222 0.98888889 0.99777778 1.         1.         1.
  1.         1.         1.        ]
 [0.67222222 0.75       0.92111111 0.94       0.99666667 0.99666667
  0.99777778 0.99666667 0.99666667 0.99666667 1.         1.
  1.         1.         1.        ]
 [0.62555556 0.81555556 0.85777778 0.92555556 0.95333333 0.98111111
  0.98555556 0.99       0.99555556 0.99222222 0.99111111 1.
  1.         1.         1.        ]
 [0.72777778 0.76888889 0.90222222 1.         0.99888889 1.
  1.         1.         1.         1.         1.         1.
  1.         1.         1.        ]
 [0.59888889 0.75222222 0.79333333 0.88555556 0.89444444 0.89333333
  0.90111111 0.90777778 1.         1.         1.         1.
  1.         1.         1.        ]
 [0.62333333 0.72111111 0.87111111 0.97666667 0.99777778 0.99888889
  0.99777778 1.         0.99555556 0.99666667 0.99777778 0.99777778
  0.99777778 0.99777778 0.99888889]
 [0.74333333 0.76444444 0.82       0.94555556 0.98666667 0.99555556
  1.         1.         1.         0.99222222 0.99888889 0.99888889
  1.         1.         1.        ]
 [0.52555556 0.71888889 0.86       0.90777778 0.99       0.97222222
  0.98555556 0.98       0.99777778 1.         0.99444444 0.99555556
  0.99444444 0.99666667 1.        ]
 [0.63666667 0.86222222 0.97555556 0.99888889 1.         1.
  1.         0.99888889 0.99777778 1.         1.         1.
  1.         1.         0.99666667]
 [0.6        0.75555556 0.88       0.93444444 0.99444444 0.99666667
  0.99555556 0.99555556 1.         0.99888889 1.         1.
  1.         1.         1.        ]
 [0.64555556 0.89444444 0.98666667 0.99333333 0.99777778 1.
  1.         1.         1.         1.         1.         1.
  1.         1.         1.        ]
 [0.56888889 0.90111111 0.96333333 0.96111111 0.99444444 0.99888889
  0.98       1.         1.         0.99888889 1.         1.
  1.         0.99777778 1.        ]
 [0.62666667 0.88666667 0.87555556 0.97444444 0.99666667 1.
  0.99888889 1.         0.99777778 1.         1.         1.
  1.         1.         0.99777778]
 [0.57       0.69666667 0.86222222 0.92777778 0.98       0.97777778
  0.98666667 0.99888889 0.99888889 1.         0.99666667 1.
  1.         1.         1.        ]
 [0.63444444 0.75       0.90444444 0.96777778 0.97222222 0.98222222
  0.98444444 0.98444444 1.         1.         1.         1.
  1.         1.         1.        ]
 [0.57777778 0.76666667 0.89222222 0.95666667 0.99666667 0.99666667
  0.99888889 1.         1.         1.         1.         1.
  1.         1.         1.        ]
 [0.72111111 0.93111111 0.99444444 0.99444444 0.99222222 1.
  1.         1.         1.         1.         1.         1.
  1.         1.         1.        ]
 [0.67       0.82666667 0.86       0.88666667 0.98555556 0.99444444
  0.99       0.99888889 1.         1.         1.         1.
  1.         1.         1.        ]
 [0.66       0.76777778 0.86       0.90444444 0.98222222 1.
  0.99777778 1.         1.         1.         1.         1.
  1.         1.         1.        ]
 [0.64111111 0.76111111 0.85222222 0.88222222 0.91555556 0.99666667
  0.99333333 1.         0.99777778 1.         1.         0.99888889
  1.         1.         1.        ]]
rho:  [[1.05979452e-01 1.10117223e-01 9.96799358e-02 1.15894203e-01
  5.42862260e-02 5.50217087e-02 4.43417294e-02 9.14677195e-02
  5.33363297e-02 1.30613492e-02 8.01016212e-03 1.40772544e-02
  2.31503720e-04 6.96914944e-03 9.87475137e-03]
 [1.76414733e-02 3.10550811e-02 4.67204921e-02 4.25087946e-02
  1.80541536e-02 2.00080643e-02 3.18824665e-03 4.17165483e-03
  7.79413417e-03 2.38549689e-05 3.40125257e-02 5.89779179e-03
  5.34323070e-05 1.96299482e-06 8.55429784e-06]
 [4.32273012e-02 3.56610442e-02 6.00086813e-02 5.38325798e-02
  5.69718519e-02 2.36365583e-02 2.85821964e-02 3.33547814e-02
  3.44786714e-02 3.38915570e-02 2.99419648e-02 3.38458227e-02
  2.69326748e-02 2.60347470e-02 3.59905972e-02]
 [3.53209112e-02 5.09954964e-02 6.97351209e-03 5.02648897e-03
  1.20194823e-02 6.67402447e-03 1.42819745e-02 8.76368029e-03
  1.00008063e-02 1.02138199e-02 9.09198450e-03 4.16716800e-03
  4.61551080e-03 4.28572954e-03 1.81250034e-03]
 [2.25766606e-02 8.87876117e-02 7.54224758e-02 6.59955506e-02
  5.16387188e-02 5.32026524e-02 1.18785716e-02 5.03993461e-03
  9.96208996e-03 4.98336192e-03 4.94889601e-03 4.50167494e-03
  1.46590642e-02 6.71637078e-03 2.28782170e-03]
 [3.47091536e-02 4.57362865e-02 8.14481543e-02 5.75083717e-02
  5.80074698e-02 7.63838778e-05 1.57344892e-05 1.56457186e-02
  1.30852896e-06 1.40297208e-05 9.34077736e-05 3.12697481e-05
  4.66815344e-05 2.35513388e-03 6.76011745e-04]
 [2.23778669e-02 3.00358068e-02 2.76629118e-02 7.52444637e-03
  5.94609265e-03 1.67723844e-03 5.31254052e-06 2.69578610e-04
  3.65069213e-02 3.03886055e-03 1.55793520e-02 4.17380973e-03
  1.26526204e-02 9.50497212e-03 5.53396116e-03]
 [8.19271514e-02 1.45073853e-01 1.13363260e-01 1.03362524e-01
  9.91796851e-02 1.67492136e-03 5.50473179e-05 1.24765845e-05
  5.72426892e-06 1.28940360e-03 3.77728690e-05 2.37336765e-05
  1.72007851e-05 1.51847193e-05 6.28208164e-03]
 [7.40114287e-03 4.50685820e-02 5.67529875e-02 6.25172137e-02
  3.80110988e-02 3.33342205e-02 3.00019918e-02 6.03481798e-04
  5.24426115e-04 1.03107517e-02 4.28371566e-04 4.41157516e-02
  3.85909856e-04 1.79824806e-03 2.79468655e-03]
 [2.21035788e-02 3.61842549e-02 6.39688128e-04 1.74776161e-04
  3.74525824e-04 3.56756643e-03 7.18466004e-03 5.10626337e-03
  3.33856698e-03 3.70241617e-03 2.13081404e-02 3.33440198e-03
  3.07760283e-03 5.71454965e-03 6.00156410e-03]
 [4.67504071e-02 1.51793070e-01 1.06668099e-01 8.93695948e-02
  5.05339450e-02 2.21515767e-02 1.89648040e-02 2.19222718e-02
  3.04421317e-02 3.04706065e-02 2.02979182e-02 1.50070021e-02
  1.46183263e-02 1.51802108e-02 2.01548494e-02]
 [5.42236729e-02 2.75325244e-02 1.66764697e-02 6.75278849e-02
  8.01773757e-03 6.66909352e-03 1.42901113e-02 7.51254368e-03
  4.45483252e-03 1.00038887e-02 9.10813387e-04 1.90882990e-02
  3.18483421e-03 7.20087515e-03 2.00642206e-03]
 [3.44931209e-02 4.55950401e-02 5.00717474e-02 3.70435443e-02
  1.67406641e-02 1.66867588e-02 1.98414730e-02 1.75883589e-02
  1.77812394e-02 1.28972624e-02 1.27376413e-02 5.42570804e-03
  5.54007006e-03 7.25261873e-04 1.20149563e-02]
 [1.00680228e-02 1.00024812e-01 9.44584536e-02 3.35415692e-02
  3.88354987e-02 3.92356189e-02 3.85488653e-02 3.87828459e-02
  4.44139118e-02 3.60044622e-02 8.17315436e-03 2.79103635e-03
  1.18802580e-02 4.29630727e-03 1.87638034e-02]
 [1.15846489e-02 8.50902542e-02 1.10016255e-01 7.25283640e-02
  7.40004485e-02 7.66677957e-02 6.71482904e-02 7.12592442e-02
  1.56802966e-05 4.36054561e-05 8.39252325e-03 3.07337443e-06
  8.45861412e-06 1.99743728e-06 9.37552643e-04]
 [7.85738581e-03 1.05766974e-01 3.05962491e-02 5.03143214e-03
  1.11656080e-04 1.03771830e-02 2.41733658e-04 2.72815104e-04
  4.97114278e-03 2.33205509e-03 3.87958787e-03 1.94712515e-05
  8.86765455e-06 7.20953630e-04 1.33532219e-03]
 [1.02703761e-02 1.40035325e-01 1.20030604e-01 7.75706290e-02
  1.00160635e-02 1.88006125e-02 1.53519990e-02 2.00950121e-02
  1.46417429e-02 1.74425410e-02 1.45974415e-02 1.08578825e-02
  9.23719235e-03 1.28390771e-02 1.06547675e-02]
 [4.04246808e-02 6.02580134e-02 3.81599366e-02 4.34680980e-02
  7.79934178e-03 2.57955848e-03 3.00680250e-03 4.53474875e-03
  3.89303823e-03 4.22337579e-03 2.45031758e-04 4.86850182e-03
  7.63618272e-03 1.27359451e-05 4.47468348e-03]
 [3.35179428e-02 4.72073021e-02 2.13619728e-02 9.37779345e-04
  4.07218934e-04 5.83467583e-03 3.53509632e-03 3.16220749e-03
  6.42713599e-03 3.55912992e-03 2.68664551e-04 3.47120321e-04
  1.83816431e-03 2.86882159e-04 2.33889872e-04]
 [4.97833897e-04 8.01225422e-02 4.67085603e-02 2.76493798e-02
  2.03188038e-03 6.47140919e-05 1.41239515e-03 1.70872781e-02
  8.61433041e-03 2.03759537e-03 9.22982868e-04 4.42800408e-03
  3.15404907e-03 7.84361002e-04 1.62414660e-03]
 [5.83122917e-03 2.53056464e-02 9.46589912e-03 2.74476161e-03
  4.01236287e-03 6.89464956e-03 1.47600221e-03 2.50093095e-03
  1.53222342e-03 1.51459670e-03 2.82239792e-03 3.34076099e-03
  6.48816047e-03 1.45299540e-03 2.00284965e-03]
 [4.81632523e-02 3.56725178e-02 4.01567838e-02 5.75484441e-02
  3.80093001e-02 3.83354707e-02 4.14292711e-02 3.02927083e-02
  3.11163856e-02 3.00063971e-02 1.98150227e-03 4.72390154e-03
  3.08140220e-03 9.92894368e-03 4.51923907e-03]
 [4.51526096e-02 1.15062145e-02 3.14107191e-02 7.52743522e-03
  6.00448288e-03 1.67235742e-03 5.72178165e-03 1.25162025e-03
  4.34578442e-02 5.00881383e-03 2.73112266e-03 2.50022510e-03
  2.64116446e-02 5.02317995e-03 3.33394210e-03]
 [4.54230032e-02 6.79287158e-02 4.67187470e-02 3.52189481e-02
  2.65166989e-02 1.33533229e-02 1.48423746e-03 5.00176340e-04
  1.62753893e-05 8.01207468e-06 1.67276698e-02 4.61751939e-06
  7.78678249e-04 4.43213984e-06 8.19725451e-03]
 [2.09001985e-02 1.36807314e-01 4.67559351e-02 2.75051071e-02
  2.20981525e-02 2.33388611e-02 2.14305046e-02 2.28613177e-02
  4.44665917e-03 4.16597746e-06 1.81985854e-03 1.95483679e-06
  1.49760809e-06 2.66254082e-03 1.70626495e-04]
 [1.20012234e-02 3.92971485e-02 3.67262723e-02 3.30945665e-02
  4.95842997e-03 4.13753195e-03 3.48871657e-03 4.86095915e-04
  2.28514959e-03 1.05108645e-02 2.96408757e-03 2.96892994e-02
  5.03366452e-03 1.44549979e-02 8.27025771e-03]
 [5.26887614e-02 1.61794619e-02 3.37831956e-03 7.49929817e-03
  4.48322698e-04 1.25242133e-04 6.73490514e-05 1.08438042e-05
  1.73133454e-05 1.32715902e-04 7.82695698e-06 3.34257389e-03
  1.58253219e-03 6.24557132e-05 8.54730017e-06]
 [2.19446004e-02 6.50055915e-02 9.34370285e-02 9.46229907e-02
  4.60029847e-02 4.66845122e-02 4.42865653e-02 4.87512622e-02
  8.57897038e-06 2.92105887e-06 2.72925132e-03 3.66716989e-06
  7.71262109e-04 6.84801413e-03 4.00137855e-03]
 [4.57990073e-02 6.50617894e-02 2.33560062e-02 2.25714338e-02
  3.39315369e-03 1.96403726e-05 2.21407155e-05 1.57411178e-05
  1.54662298e-05 1.76297599e-05 2.02312928e-05 1.15712509e-02
  2.31165985e-03 2.14455926e-03 2.61034707e-02]
 [5.71961765e-02 9.50026539e-02 7.68433995e-02 8.00097091e-02
  6.60644670e-02 1.69066569e-03 2.09306226e-02 3.47577465e-03
  1.17931055e-02 4.62355224e-03 4.54916152e-03 2.50054412e-03
  2.30924476e-03 2.18026219e-03 1.33399140e-03]]
lmda_vector:  [[0. 0. 0. 0. 0. 0. 0. 0. 0. 0. 0. 0. 0. 0. 0.]
 [0. 0. 0. 0. 0. 0. 0. 0. 0. 0. 0. 0. 0. 0. 0.]
 [0. 0. 0. 0. 0. 0. 0. 0. 0. 0. 0. 0. 0. 0. 0.]
 [0. 0. 0. 0. 0. 0. 0. 0. 0. 0. 0. 0. 0. 0. 0.]
 [0. 0. 0. 0. 0. 0. 0. 0. 0. 0. 0. 0. 0. 0. 0.]
 [0. 0. 0. 0. 0. 0. 0. 0. 0. 0. 0. 0. 0. 0. 0.]
 [0. 0. 0. 0. 0. 0. 0. 0. 0. 0. 0. 0. 0. 0. 0.]
 [0. 0. 0. 0. 0. 0. 0. 0. 0. 0. 0. 0. 0. 0. 0.]
 [0. 0. 0. 0. 0. 0. 0. 0. 0. 0. 0. 0. 0. 0. 0.]
 [0. 0. 0. 0. 0. 0. 0. 0. 0. 0. 0. 0. 0. 0. 0.]
 [0. 0. 0. 0. 0. 0. 0. 0. 0. 0. 0. 0. 0. 0. 0.]
 [0. 0. 0. 0. 0. 0. 0. 0. 0. 0. 0. 0. 0. 0. 0.]
 [0. 0. 0. 0. 0. 0. 0. 0. 0. 0. 0. 0. 0. 0. 0.]
 [0. 0. 0. 0. 0. 0. 0. 0. 0. 0. 0. 0. 0. 0. 0.]
 [0. 0. 0. 0. 0. 0. 0. 0. 0. 0. 0. 0. 0. 0. 0.]
 [0. 0. 0. 0. 0. 0. 0. 0. 0. 0. 0. 0. 0. 0. 0.]
 [0. 0. 0. 0. 0. 0. 0. 0. 0. 0. 0. 0. 0. 0. 0.]
 [0. 0. 0. 0. 0. 0. 0. 0. 0. 0. 0. 0. 0. 0. 0.]
 [0. 0. 0. 0. 0. 0. 0. 0. 0. 0. 0. 0. 0. 0. 0.]
 [0. 0. 0. 0. 0. 0. 0. 0. 0. 0. 0. 0. 0. 0. 0.]
 [0. 0. 0. 0. 0. 0. 0. 0. 0. 0. 0. 0. 0. 0. 0.]
 [0. 0. 0. 0. 0. 0. 0. 0. 0. 0. 0. 0. 0. 0. 0.]
 [0. 0. 0. 0. 0. 0. 0. 0. 0. 0. 0. 0. 0. 0. 0.]
 [0. 0. 0. 0. 0. 0. 0. 0. 0. 0. 0. 0. 0. 0. 0.]
 [0. 0. 0. 0. 0. 0. 0. 0. 0. 0. 0. 0. 0. 0. 0.]
 [0. 0. 0. 0. 0. 0. 0. 0. 0. 0. 0. 0. 0. 0. 0.]
 [0. 0. 0. 0. 0. 0. 0. 0. 0. 0. 0. 0. 0. 0. 0.]
 [0. 0. 0. 0. 0. 0. 0. 0. 0. 0. 0. 0. 0. 0. 0.]
 [0. 0. 0. 0. 0. 0. 0. 0. 0. 0. 0. 0. 0. 0. 0.]
 [0. 0. 0. 0. 0. 0. 0. 0. 0. 0. 0. 0. 0. 0. 0.]]
